15,40,96,1
-9,7,132,0
-17,46,21,1
11,12,15,0
-13,5,9,0
-9,43,78,1
-8,2,54,0
-27,4,27,0
-4,22,81,0
-15,26,63,0
-24,19,36,0
26,48,105,1
-23,30,42,1
-1,23,90,0
4,48,99,1
11,6,15,0
-24,22,141,0
24,12,147,0
-26,36,15,1
-29,19,30,0
-14,41,114,1
16,13,120,0
-16,46,114,1
20,21,18,1
-6,33,36,1
-29,9,6,0
-11,8,48,0
9,29,114,1
2,4,102,0
-2,32,111,1
-27,23,141,0
20,18,51,1
12,45,117,1
7,1,120,0
-7,4,141,0
-16,29,114,0
-18,39,96,1
-17,30,117,0
-30,49,21,1
-9,21,30,0
13,33,144,1
-20,27,102,0
22,19,57,1
15,4,6,0
1,7,81,0
-16,31,132,1
-27,12,93,0
-1,41,111,1
-18,28,84,1
-25,48,15,1
-2,5,66,0
0,44,114,1
-25,40,30,1
-21,44,33,1
-12,3,30,0
-5,23,135,0
18,19,45,1
-8,25,138,0
1,44,51,1
-16,12,84,1
-11,29,60,1
8,21,135,0
24,46,114,1
13,4,117,1
4,19,42,0
-9,41,117,0
-5,49,135,1
-10,1,84,0
15,44,30,1
3,3,120,0
1,5,39,0
6,26,0,0
4,8,30,0
-26,18,30,0
-30,33,81,1
-28,26,33,0
-16,2,6,0
21,41,90,0
-20,42,69,0
-15,14,51,0
10,35,15,0
-12,8,90,0
-30,49,66,1
-16,2,42,0
22,36,90,1
-18,30,33,0
27,2,3,0
-3,32,87,0
15,10,48,0
-11,10,120,1
-9,9,6,0
-20,33,39,1
9,10,57,0
8,22,81,1
17,34,51,0
-30,43,45,1
-16,13,147,0
26,15,144,0
18,3,105,0
-13,25,144,1